107.451
107.673
108.102
108.739
109.581
110.415
111.264
112.318
112.981
113.649
114.338
115.035
115.541
116.452
117.342
118.237
118.939
119.845
120.756
121.665
122.547
123.566
124.326
124.83
125.164
125.331
125.362
125.258
125.216
125.379
125.55
125.925
126.66
127.596
128.496
129.595
130.696
131.644
132.4
133.201
134.007
134.77
135.731
136.891
137.86
138.639
139.469
140.302
141.087
142.067
143.052
144.039
144.838
145.693
146.551
147.488
148.044
148.603
149.165
149.538
149.841
150.53
151.349
152.171
153.185
154.202
155.221
156.119
157.019
157.735
158.643
159.554
160.655
161.572
162.493
163.232
163.973
164.718
165.65
166.587
167.711
168.654
169.416
169.997
170.765
171.454
172.145
172.839
173.536
174.234
174.836
175.443
176.053
176.668
177.285
177.728
178.353
178.982
179.792
180.427
181.244
181.887
182.534
183.007
183.484
184.14
184.8
185.463
186.13
186.801
187.301
187.804
188.312
188.824
189.34
190.029
190.891
191.757
192.625
193.664
194.536
195.241
195.949
196.661
197.373
198.089
198.807
199.529
200.418
201.144
201.872
202.768
203.829
204.728
205.629
206.695
207.645
208.434
209.386
210.339
211.131
212.039
212.95
213.861
214.935
216.171
217.247
218.485
219.723
220.802
221.881
222.961
224.042
225.124
226.048
226.973
227.936
228.74
229.387
230.194
230.845
231.461
232.236
233.014
233.794
234.576
235.36
235.99
236.776
237.565
238.51
239.456
240.404
241.199
242.148
242.946
243.746
244.699
245.653
246.457
247.263
248.221
249.029
249.839
250.8
251.613
252.278
253.094
253.792
254.341
255.188
256.036
256.735
257.702
258.671
259.492
260.315
261.286
262.111
263.084
264.058
264.888
265.718
266.549
267.381
268.221
269.207
270.049
271.035
271.878
272.858
273.84
274.822
275.662
276.503
277.202
277.903
278.605
279.169
279.735
280.302
280.733
280.883
281.038
281.196
281.356
281.521
281.688
281.861
281.901
281.661
281.278
281.046
280.821
280.451
280.234
280.02
279.661
279.155
278.651
278.151
277.654
277.16
276.667
276.332
275.692
275.055
274.419
273.786
273
272.371
271.588
270.807
270.027
269.25
268.474
267.857
267.083
266.312
265.384
264.298
263.214
262.129
260.887
259.805
258.722
257.602
256.602
255.723
254.927
254.376
253.704
253.034
252.366
251.578
250.669
249.884
248.975
247.943
246.911
245.755
244.631
243.664
242.821
241.853
241.042
240.075
239.109
238.02
237.088
236.158
235.388
234.46
233.692
232.927
232.004
231.082
230.322
229.403
228.443
227.484
226.365
225.086
223.806
222.526
221.246
219.967
218.806
217.645
216.485
215.443
214.522
213.602
212.681
211.641
210.602
209.563
208.404
207.366
206.45
205.412
204.412
203.534
202.656
201.779
200.901
199.988
199.076
198.165
197.131
196.222
195.313
194.281
193.25
192.219
191.189
190.16
189.13
188.102
187.2
186.173
185.173
184.301
183.429
182.558
181.687
180.815
179.944
179.073
178.074
177.076
176.051
175.029
173.877
172.879
172.034
171.06
170.112
169.164
168.064
166.965
165.867
164.927
164.301
164.114
164.335
165.117
165.993
166.712
167.151
167.187
166.662
165.893
165.287
164.965
164.808
165.093
165.547
166.124
166.591
167.066
167.545
168.143
168.635
169.243
169.691
170.034
170.274
170.627
170.983
171.515
172.158
172.808
173.46
174.114
174.875
175.539
176.306
176.979
177.654
178.331
179.015
179.701
180.486
181.181
181.786
182.488
183.193
183.9
184.612
185.418
186.138
186.861
187.585
188.399
189.215
190.035
190.857
191.598
192.259
192.922
193.671
194.422
195.257
196.174
197.092
198.011
198.93
199.774
200.618
201.464
202.235
203.083
204.009
204.861
205.642
206.499
207.282
207.996
208.855
209.789
210.653
211.518
212.387
213.185
213.985
214.855
215.661
216.535
217.411
218.288
219.1
220.045
220.926
221.808
222.627
223.513
224.334
225.16
225.987
226.817
227.648
228.48
229.375
230.27
231.225
232.181
233.138
234.094
235.051
236.009
236.967
237.925
238.883
239.842
240.745
241.595
242.499
243.158
243.763
244.425
245.09
245.701
246.56
247.423
248.285
249.201
250.117
251.034
252.002
252.971
253.939
254.859
255.78
256.701
257.622
258.497
259.421
260.345
261.27
262.195
263.167
264.14
265.113
266.087
267.06
268.034
269.008
270.027
271.046
272.111
273.176
274.24
275.26
276.279
277.253
278.227
279.246
280.025
280.761
281.496
282.232
282.923
283.811
284.787
285.763
286.739
287.673
288.651
289.544
290.437
291.331
292.268
293.205
294.184
295.123
296.062
297.002
297.941
298.881
299.823
300.765
301.707
302.612
303.517
304.461
305.368
306.276
307.222
308.133
309.043
309.991
310.94
311.888
312.838
313.788
314.704
315.621
316.538
317.49
318.442
319.395
320.349
321.302
322.256
323.179
324.134
325.059
325.984
326.909
327.836
328.764
329.722
330.681
331.64
332.629
333.618
334.607
335.568
336.528
337.489
338.422
339.356
340.318
341.28
342.216
343.179
344.143
345.107
346.071
347.036
348.001
348.941
349.881
350.797
351.739
352.681
353.649
354.394
355.141
355.888
356.636
357.361
358.286
359.235
360.185
361.113
362.064
363.017
363.969
364.922
365.896
366.851
367.807
368.744
369.682
370.602
371.524
372.449
373.377
374.289
375.005
375.524
376.047
376.586
376.927
377.271
377.617
377.766
377.903
378.043
378.186
378.332
378.48
378.431
378.385
378.341
378.1
377.862
377.626
377.393
377.163
377.135
377.11
376.888
376.468
375.85
375.036
374.024
373.215
372.408
371.604
370.802
370.001
369.001
368.001
367.001
366.001
365.001
364.001
363.001
362.001
361.001
360.001
359.001
358.001
357
356
355
354
353
352.001
351.001
350.001
349.001
348.002
347.003
346.004
345.004
344.004
343.003
342.003
341.003
340.006
339.008
338.01
337.012
336.013
335.013
334.016
333.018
332.018
331.02
330.022
329.022
328.025
327.03
326.033
325.036
324.039
323.039
322.039
321.039
320.039
319.043
318.046
317.05
316.053
315.061
314.066
313.07
312.074
311.079
310.079
309.084
308.095
307.106
306.116
305.127
304.133
303.134
302.14
301.147
300.154
299.161
298.168
297.168
296.169
295.169
294.17
293.171
292.171
291.172
290.172
289.173
288.174
287.174
286.175
285.183
284.199
283.224
282.259
281.294
280.322
279.352
278.373
277.385
276.397
275.409
274.41
273.412
272.413
271.415
270.406
269.386
268.367
267.338
266.309
265.282
264.264
263.247
262.24
261.232
260.233
259.233
258.234
257.235
256.236
255.229
254.221
253.214
252.207
251.199
250.2
249.201
248.202
247.202
246.203
245.204
244.205
243.206
242.199
241.384
240.764
240.337
240.306
240.283
240.067
239.657
239.052
238.053
237.053
236.049
235.242
234.834
234.823
235.214
236.008
237.005
238.003
239.005
240.005
241.006
242.007
243.008
244.008
244.607
245.205
245.804
246.402
247.001
248.001
249.002
250.002
251.001
252.001
253.001
254.001
255.003
256.004
257.007
258.01
259.013
260.018
261.023
262.023
263.022
264.022
265.02
266.02
267.022
268.025
269.027
270.033
271.036
272.036
273.036
274.036
275.032
276.029
277.029
278.029
279.026
280.022
281.017
282.013
283.009
284.009
285.011
286.012
287.014
288.016
289.014
290.012
291.01
292.009
293.007
294.008
295.01
296.014
297.018
298.022
299.024
300.03
301.033
302.039
303.045
304.052
305.055
306.059
307.059
308.063
309.067
310.071
311.079
312.088
313.093
314.097
315.102
316.101
317.106
318.111
319.116
320.121
321.126
322.126
323.125
324.125
325.125
326.124
327.13
328.135
329.147
330.158
331.17
332.176
333.188
334.195
335.201
336.207
337.214
338.213
339.22
340.234
341.249
342.272
343.295
344.31
345.317
346.325
347.324
348.315
349.314
350.313
351.312
352.32
353.345
354.362
355.379
356.396
357.405
358.413
359.422
360.43
361.449
362.468
363.476
364.496
365.515
366.536
367.556
368.576
369.586
370.595
371.605
372.627
373.649
374.683
375.718
376.74
377.751
378.761
379.759
380.77
381.781
382.791
383.802
384.826
385.837
386.862
387.886
388.925
389.95
390.791
391.632
392.489
393.332
393.991
394.852
395.714
396.378
396.861
397.546
398.034
398.325
398.817
399.311
399.609
399.91
400.212
400.319
400.427
400.538
400.652
400.768
400.886
401.007
401.131
401.257
401.187
401.12
400.857
400.596
400.339
400.055
399.575
399.098
398.623
397.952
397.511
397.041
396.574
395.878
395.185
394.263
393.375
392.455
391.535
390.617
389.699
388.748
387.797
386.846
385.861
384.842
383.822
382.768
381.714
380.66
379.641
378.621
377.602
376.582
375.563
374.543
373.524
372.539
371.554
370.569
369.584
368.599
367.614
366.629
365.645
364.66
363.676
362.691
361.672
360.652
359.633
358.613
357.593
356.609
355.625
354.641
353.657
352.673
351.689
350.669
349.65
348.63
347.61
346.591
345.607
344.623
343.603
342.584
341.564
340.544
339.525
338.541
337.557
336.574
335.554
334.535
333.515
332.495
331.476
330.492
329.509
328.489
327.469
326.45
325.43
324.447
323.501
322.518
321.535
320.552
319.532
318.475
317.456
316.436
315.416
314.396
313.414
312.431
311.448
310.429
309.409
308.389
307.369
306.35
305.367
304.385
303.402
302.42
301.438
300.456
299.437
298.417
297.36
296.265
295.17
294.113
293.056
292.036
291.053
290.071
289.088
288.106
287.124
286.142
285.16
284.178
283.196
282.215
281.272
280.37
279.468
278.566
277.665
276.685
275.665
274.646
273.626
272.606
271.627
270.648
269.668
268.69
267.711
266.732
265.754
264.776
263.797
262.819
261.842
260.864
259.887
258.867
257.847
256.828
255.808
254.831
253.897
252.964
251.987
251.01
249.991
248.971
247.952
246.976
246.045
245.354
244.665
243.975
243.286
242.6
241.675
240.797
240.164
239.968
240.113
240.598
241.471
242.49
243.459
244.38
245.303
246.178
246.906
247.294
247.585
247.972
248.359
248.893
249.767
250.785
251.803
252.822
253.791
254.761
255.78
256.749
257.718
258.786
259.853
260.872
261.89
262.958
263.976
264.995
266.013
267.081
267.955
268.878
269.802
270.775
271.75
272.869
273.988
275.108
276.228
277.297
278.366
279.384
280.453
281.471
282.489
283.365
284.293
285.117
285.891
286.664
287.58
288.444
289.41
290.479
291.548
292.617
293.685
294.703
295.671
296.689
297.707
298.725
299.793
300.862
301.88
302.898
303.967
304.985
306.003
307.072
308.141
309.159
310.177
311.195
312.162
313.13
314.097
315.065
316.033
317.002
317.97
318.939
319.764
320.638
321.513
322.387
323.261
324.329
325.348
326.366
327.384
328.402
329.371
330.339
331.358
332.376
333.394
334.462
335.53
336.549
337.617
338.685
339.703
340.721
341.74
342.709
343.727
344.745
345.813
346.881
347.949
348.968
349.986
350.955
351.923
352.893
353.862
354.88
355.948
357.016
358.084
359.201
360.269
361.287
362.355
363.279
364.205
364.987
365.821
366.604
367.389
368.175
369.156
369.945
370.594
371.246
371.707
371.977
372.25
372.525
372.803
373.083
373.366
373.651
373.938
374.228
374.521
374.565
374.42
374.278
374.138
374.001
373.926
373.855
373.787
373.532
373.091
372.654
372.155
371.469
370.976
370.42
369.866
369.312
368.694
367.889
367.154
366.352
365.551
364.75
363.882
362.945
362.009
361.072
360.136
359.201
358.266
357.331
356.396
355.39
354.385
353.379
352.374
351.369
350.436
349.503
348.57
347.638
346.706
345.775
344.844
343.913
342.983
342.053
341.124
340.194
339.266
338.338
337.335
336.332
335.33
334.328
333.326
332.399
331.473
330.547
329.621
328.696
327.772
326.848
325.847
324.846
323.846
322.846
321.847
320.924
320.002
319.08
318.159
317.239
316.24
315.241
314.243
313.245
312.247
311.328
310.33
309.333
308.336
307.339
306.342
305.425
304.428
303.431
302.435
301.439
300.444
299.447
298.452
297.456
296.461
295.466
294.553
293.64
292.727
291.816
290.822
289.746
288.67
287.594
286.601
285.608
284.614
283.621
282.629
281.553
280.561
279.652
278.744
277.837
276.93
276.024
275.033
274.043
273.139
272.236
271.247
270.343
269.354
268.366
267.291
266.303
265.316
264.415
263.428
262.441
261.454
260.468
259.482
258.496
257.51
256.525
255.54
254.555
253.482
252.497
251.424
250.35
249.277
248.293
247.31
246.327
245.344
244.271
243.198
242.125
241.143
240.161
239.271
238.289
237.308
236.327
235.255
234.183
233.204
232.224
231.245
230.266
229.287
228.309
227.332
226.355
225.472
224.59
223.708
222.828
221.949
221.168
220.487
219.807
219.129
218.553
218.156
218.109
218.409
219.055
220.048
221.214
222.279
223.345
224.511
225.677
226.742
227.808
228.874
229.94
230.905
231.971
233.038
234.104
235.071
235.964
236.857
237.75
238.743
239.834
241
242.067
243.134
244.101
245.069
246.135
247.202
248.27
249.337
250.231
250.95
251.768
252.586
253.404
254.396
255.463
256.431
257.4
258.467
259.436
260.503
261.669
262.835
263.805
264.698
265.592
266.485
267.281
268.272
269.34
270.31
271.28
272.446
273.417
274.486
275.554
276.623
277.691
278.857
279.925
281.091
282.16
283.132
284.105
285.078
285.955
286.833
287.712
288.498
289.192
289.886
290.582
291.28
292.073
293.052
294.031
295.011
295.991
296.972
297.952
298.933
299.914
300.896
301.878
302.77
303.662
304.554
305.448
306.431
307.504
308.667
309.83
311.082
312.245
313.23
314.214
315.111
316.008
316.905
317.803
318.523
319.246
319.791
320.252
320.716
321.182
321.65
322.12
322.593
323.069
323.547
323.852
324.161
324.471
324.611
324.58
324.727
324.604
324.31
324.193
324.252
324.04
323.828
323.62
323.244
322.594
321.947
321.3
320.552
319.807
319.062
318.426
317.792
317.158
316.421
315.684
314.842
314.001
313.161
312.431
311.703
310.975
310.249
309.525
308.581
307.749
307.03
306.312
305.596
304.992
304.279
303.455
302.631
301.809
300.988
300.168
299.349
298.531
297.714
296.898
296.084
295.271
294.458
293.647
292.719
291.792
290.866
289.941
288.898
287.973
287.05
286.127
285.205
284.402
283.481
282.561
281.641
280.722
279.927
279.13
278.335
277.419
276.504
275.468
274.555
273.643
272.855
272.068
271.157
270.248
269.34
268.308
267.277
266.371
265.465
264.562
263.784
262.88
261.978
261.078
260.178
259.152
258.253
257.355
256.33
255.306
254.411
253.517
252.624
251.861
250.969
250.078
249.189
248.301
247.283
246.396
245.51
244.626
243.743
242.86
241.979
241.099
240.086
239.074
238.197
237.321
236.446
235.707
234.834
233.826
232.82
231.815
230.81
229.943
229.076
228.21
227.347
226.484
225.623
224.763
223.904
223.046
222.191
221.337
220.483
219.631
218.78
217.932
217.085
216.239
215.394
214.551
213.71
212.871
212.177
211.34
210.505
209.672
208.841
208.012
207.331
206.652
205.976
205.302
204.632
203.964
203.298
202.635
201.824
201.015
200.209
199.405
198.603
197.955
197.31
196.668
195.874
195.082
194.293
193.507
192.723
192.097
191.474
190.854
190.237
189.624
189.014
188.247
187.483
186.722
185.964
185.209
184.617
184.028
183.28
182.534
181.792
180.889
179.988
179.253
178.521
177.627
176.9
176.176
175.455
174.738
174.022
173.31
172.601
171.726
170.854
170.154
169.457
168.764
168.245
167.558
166.701
165.848
164.999
164.152
163.482
162.989
162.325
161.665
160.833
160.005
159.18
158.535
157.894
157.256
156.622
155.813
155.008
154.207
153.589
152.795
152.184
151.396
150.613
149.834
149.241
148.469
147.7
146.935
146.175
145.42
144.854
144.291
143.733
142.994
142.073
141.156
140.431
139.71
138.993
138.469
137.762
136.869
135.982
135.289
134.603
133.92
133.433
132.76
131.9
131.047
130.391
129.741
129.096
128.65
128.016
127.194
126.378
125.567
124.763
123.964
123.17
122.383
121.798
121.023
120.452
119.887
119.329
118.581
118.038
117.304
116.775
116.055
115.363
114.477
113.796
113.122
112.454
111.771
111.296
110.63
109.773
109.123
108.682
108.051
