120
121.004
121.017
121.037
122.066
122.102
122.147
123.199
123.26
123.329
124.403
124.487
124.579
125.674
125.782
126.89
127.012
128.133
128.269
129.402
129.553
130.698
130.863
132.019
132.197
133.364
134.536
134.733
135.915
136.125
137.317
137.539
138.741
139.946
140.186
140.431
141.651
141.908
143.136
144.368
144.641
144.921
146.164
146.455
147.706
148.007
149.265
149.576
150.841
151.162
152.434
152.765
154.042
154.383
155.666
156.016
157.305
157.664
158.959
159.327
160.627
161.003
162.308
162.693
164.003
164.396
165.711
166.111
167.431
167.839
169.163
170.488
170.906
172.235
172.662
173.994
174.428
175.764
176.204
176.649
177.992
178.443
178.899
180.247
180.71
182.06
182.529
183.003
184.358
184.838
185.321
186.682
187.171
188.534
189.029
189.528
190.895
191.4
192.769
193.28
193.794
195.167
195.686
197.061
197.585
198.962
199.492
200.025
200.562
201.943
203.325
203.868
204.414
205.798
206.349
207.735
209.122
209.678
211.066
211.627
212.191
213.581
214.149
215.541
216.113
216.689
218.083
218.662
219.244
220.64
221.226
221.815
223.213
223.806
224.401
225
226.4
227.002
227.607
228.215
228.825
230.228
230.842
231.458
232.078
232.699
233.324
233.951
234.58
235.213
235.077
235.716
236.358
236.239
236.888
236.783
237.438
237.346
237.261
237.186
237.118
236.381
236.326
236.279
236.241
235.519
234.798
234.079
234.062
233.35
232.639
231.931
231.225
229.811
229.819
229.837
229.142
228.449
227.035
226.345
225.657
224.971
224.288
222.874
221.461
220.78
220.102
218.689
217.276
215.863
214.45
213.038
212.302
210.889
209.476
208.741
207.328
205.915
205.183
203.769
203.039
201.626
200.898
199.484
198.071
197.345
195.931
195.208
194.487
193.073
191.659
190.94
190.224
188.809
188.096
187.385
185.97
185.262
183.848
183.142
182.439
181.025
180.325
179.627
178.213
177.519
176.105
175.414
174
173.312
171.898
170.485
169.8
169.118
167.705
166.292
165.614
164.201
163.527
162.856
161.443
160.031
159.364
157.953
156.541
155.878
154.467
153.808
152.398
151.743
150.333
148.923
148.273
146.864
145.454
144.81
143.402
141.993
141.354
139.946
139.313
137.906
136.499
135.093
134.466
133.06
131.655
131.034
129.63
129.016
127.613
126.21
125.603
124.201
122.801
122.201
120.801
119.403
118.811
117.414
116.829
115.434
114.039
113.464
112.071
111.503
110.114
108.724
108.167
106.78
105.394
104.848
103.465
102.927
101.548
100.17
99.6444
98.27
97.7548
96.3846
95.0158
94.5145
93.1504
92.6607
91.3017
89.9444
89.0674
87.7097
86.3539
85.4751
84.5991
83.7257
82.8553
81.9878
81.1234
80.7775
79.925
79.6116
79.3221
79.8812
81.2712
81.8413
82.4197
83.8153
84.4038
85
85.6037
87.0057
87.6185
88.2383
88.8651
89.4986
90.9065
91.5478
92.1954
92.8493
93.5094
94.921
95.5877
96.2601
96.9381
98.3514
99.0353
99.7246
101.139
101.833
102.533
103.238
103.947
104.661
105.38
106.794
107.517
108.245
109.659
109.713
111.126
111.866
112.61
114.022
114.769
115.521
115.624
117.034
117.686
118.444
119.206
119.971
121.38
122.147
122.919
123.693
125.1
125.877
126.657
126.823
128.226
128.845
129.63
130.419
131.21
132.612
133.405
134.201
135
135.801
137.201
138.004
138.809
139.617
140.428
141.241
142.056
143.45
144.267
145.086
145.908
146.731
147.557
148.385
149.773
150.602
151.433
152.266
153.101
153.938
154.777
156.16
157
157.842
158.685
159.531
160.91
161.227
162.604
163.453
164.305
165.158
166.012
166.868
168.241
169.098
169.956
170.816
171.677
172.54
173.404
174.27
175.636
176.502
177.37
178.239
179.109
179.981
181.342
182.214
183.087
184.448
185.321
186.196
187.072
187.949
188.828
189.708
190.589
191.471
192.824
193.706
194.589
195.474
196.359
197.246
198.134
199.023
199.912
200.803
201.695
202.588
203.482
204.377
205.273
206.17
207.068
207.966
209.304
209.767
211.102
212.002
212.904
213.806
214.709
215.613
216.518
217.002
217.911
218.82
219.317
219.823
220.336
220.857
221.387
221.923
222.468
222.092
222.65
222.284
222.854
222.497
223.081
222.733
223.329
222.991
222.657
223.271
222
222.625
222.308
221.995
221.687
221.382
221.081
220.785
220.493
219.246
219.92
219.641
218.403
218.131
217.862
216.633
216.372
215.149
213.928
212.709
211.492
210.278
209.067
208.096
206.886
205.915
204.707
203.735
202.763
201.556
200.584
199.612
198.64
197.669
196.698
195.727
194.756
193.786
192.575
191.846
190.633
189.663
188.693
187.723
186.51
185.54
184.57
183.6
182.631
181.662
180.693
179.725
178.508
177.789
176.57
175.602
174.634
173.666
172.699
171.732
170.766
169.544
168.576
167.61
166.643
165.421
164.454
163.487
162.521
161.298
160.331
159.364
158.398
157.433
156.467
155.242
154.276
153.31
152.345
151.119
149.897
148.93
147.963
146.997
146.031
144.807
143.84
142.874
141.651
140.684
139.718
138.752
137.528
136.561
135.595
134.629
133.405
132.439
131.472
130.25
129.283
128.316
127.613
126.384
126.127
125.16
124.193
122.972
122.004
121.037
119.817
119.105
117.881
117.631
116.914
115.694
114.726
113.508
112.539
111.571
110.86
109.636
108.416
107.448
106.48
105.262
104.293
103.325
102.357
101.39
100.17
99.2018
98.2344
97.0155
96.0469
95.0789
93.8616
92.8924
91.9239
90.7083
89.7385
88.7694
87.5557
86.5852
85.6154
84.6463
83.678
82.7103
81.4923
80.5233
79.3095
78.5875
77.3692
76.4003
75.4321
74.2159
73.2462
72.2772
71.3092
70.0928
69.1231
68.1542
66.9403
65.9697
65
64.0312
62.8172
61.8466
60.8769
59.6657
58.6941
57.4891
56.5155
55.3173
56.0892
55.9017
55.7315
55.5788
55.4437
56.3205
56.2228
56.1427
57.0789
57.0351
58.0086
59.0085
60
61.0082
62.0081
63.0317
64.0312
65.0692
66.0681
67.0671
68.0661
69.0652
70.0643
71.0634
72.111
73.1095
74.108
75.1066
76.1643
77.1038
78.1601
79.1581
80.1561
81.1542
82.1523
83.1505
84.214
85.2115
86.209
87.2067
88.2043
89.202
90.2718
91.2688
92.2659
93.2631
94.2603
95.2575
96.2549
97.2522
98.2497
99.2472
100.319
101.316
102.313
103.31
104.307
105.304
106.301
107.378
108.374
109.371
110.368
111.364
112.361
113.358
114.438
115.434
116.43
117.427
118.423
119.419
120.416
121.499
122.495
123.491
124.487
125.483
126.479
127.475
128.472
129.557
130.553
131.548
132.544
133.54
134.536
135.532
136.528
137.525
138.611
139.607
140.602
141.51
142.594
143.59
144.586
145.582
146.578
147.574
148.57
149.566
150.562
151.559
152.555
153.551
154.548
155.544
156.541
157.537
158.534
159.531
160.527
161.524
162.521
163.518
164.438
165.511
166.433
167.431
168.428
169.499
170.423
171.421
172.491
173.488
174.485
175.482
176.479
177.477
178.474
179.471
180.469
181.466
182.538
183.535
184.459
185.456
186.526
187.523
188.521
189.447
190.515
191.442
192.44
193.437
194.504
195.502
196.499
197.497
198.494
199.565
200.562
201.636
202.714
203.796
204.883
205.973
207.068
208.166
208.274
209.38
209.497
209.619
210.737
210.867
211.002
211.142
212.276
212.424
212.577
211.747
212.897
213.063
213.235
212.25
211.443
212.608
213.591
213.776
212.984
213.178
212.398
212.603
211.835
212.05
212.269
212.492
211.747
211.981
211.249
210.523
209.805
208.837
208.127
207.425
206.461
205.497
204.805
203.843
202.882
201.921
200.96
200
199.04
198.081
197.122
196.451
195.205
194.247
193.29
192.627
191.672
190.717
189.763
188.809
187.856
186.904
185.952
185
184.049
183.098
182.148
181.199
180.569
179.622
178.676
177.73
176.785
175.841
174.568
173.623
172.679
172.07
170.792
169.85
168.908
167.967
167.027
166.087
165.148
164.21
163.273
162.336
161.4
160.465
159.531
158.597
157.664
156.732
155.801
154.871
153.574
152.643
152.086
151.159
150.233
149.308
148.385
147.462
146.54
145.619
144.7
143.781
142.468
141.947
141.032
139.714
139.205
138.293
137.383
136.473
135.565
134.659
133.754
132.85
131.947
131.046
130.146
129.248
128.351
127.456
126.562
126.127
125.24
124.354
123.471
122.589
121.709
120.83
119.954
119.08
118.207
117.337
116.469
115.603
114.237
113.371
112.508
112.161
111.306
110.454
109.604
108.757
107.378
107.07
105.688
104.848
104.01
103.175
102.343
101.514
100.688
99.8649
99.0454
98.2293
97.4166
96.0208
95.2103
95
94.2019
92.8009
92.0054
91.214
90.4268
89.6437
88.8651
88.0909
86.6833
85.9127
85.7963
84.386
83.6301
82.8794
82.134
81.3941
80.6598
79.9312
79.2086
78.492
77.7817
77.0779
76.3806
75.6902
75.0067
74.3303
73.6614
73
72.3464
71.7008
71.0634
70.4344
69.814
70
70.8025
71.6101
72.4224
73.2393
74.0608
74.8866
75.7166
76.5506
77.9359
78.7718
79.6116
80.455
81.8352
82.6801
84.0595
85.44
86.8217
88.2043
89.5879
90.1388
91.526
92.9139
93.4773
94.0479
94.6256
96.0208
97.4166
98.0051
98.6002
100
101.4
102.005
103.407
104.019
105.423
106.042
107.448
108.853
109.481
110.887
111.521
112.929
113.569
114.978
115.624
117.034
117.686
119.097
119.754
121.165
121.828
123.24
123.907
124.652
126.063
126.732
127.405
128.818
129.495
130.908
132.322
133.735
134.417
135.831
136.517
137.931
139.345
140.036
140.73
142.144
143.558
144.257
144.959
146.373
147.787
148.492
149.201
150.615
151.327
152.043
153.457
154.175
155.589
156.311
157.035
157.762
159.176
159.906
161.32
162.052
162.788
163.527
164.939
165.68
166.424
167.171
168.582
169.331
170.082
171.493
172.247
173.658
174.413
175.171
176.581
177.992
178.751
179.513
180.923
181.687
183.096
183.861
185.27
186.038
186.807
188.215
188.987
190.394
191.167
191.943
193.349
194.756
195.533
196.939
198.346
199.752
201.159
202.566
203.973
205.38
206.015
207.422
208.06
209.468
210.109
209.99
211.4
212.05
212.702
213.357
214.014
214.674
215.337
216.002
216.67
217.341
217.276
217.954
218.634
218.589
219.276
219.244
219.939
219.92
219.911
219.911
219.92
219.221
219.244
219.276
218.589
217.904
217.221
217.276
215.863
215.188
214.516
214.59
213.178
212.514
211.851
211.192
209.781
209.124
208.471
207.82
207.171
206.526
205.883
204.475
203.836
203.199
202.566
201.936
200.529
199.902
199.279
198.658
197.254
196.637
196.023
195.412
194.805
193.404
192.8
192.2
191.604
190.205
189.613
189.024
187.627
187.043
185.648
185.068
184.491
183.098
182.527
181.959
180.569
180.006
178.617
178.059
176.672
176.119
175.57
174.187
173.643
173.104
171.724
171.19
170.66
169.284
168.76
167.386
166.868
165.496
164.985
164.478
163.976
162.61
162.114
161.623
161.137
159.778
159.298
157.943
157.471
156.119
155.653
155.193
153.847
152.502
152.053
151.608
150.27
149.833
148.499
147.167
146.741
146.322
144.997
144.586
143.673
142.352
141.947
141.549
141.156
140.769
139.463
139.086
138.716
137.419
137.058
135.768
134.48
135.074
133.795
133.462
132.189
131.867
130.602
130.292
129.988
129.692
128.445
128.16
126.921
126.649
126.384
125.16
124.908
124.664
124.427
123.223
123
122.784
122.577
121.396
121.202
121.017
119.854
120.669
119.52
119.365
119.218
119.08
118.95
118.828
118.714
119.604
118.512
118.423
118.343
118.271
118.207
118.152
118.106
118.068
119.038
118.017
118.004
119
