157 155 152 152 153 156 157 156 152 150 152 154 156 158 159 
152 153 155 155 156 158 159 161 157 155 156 156 155 152 151 
158 157 155 155 156 159 159 159 159 158 158 158 159 157 155 
161 159 156 158 159 159 159 158 158 158 159 163 167 157 152 
156 157 158 159 160 160 160 161 162 162 163 165 167 157 153 
156 158 161 162 162 160 161 164 164 164 165 163 162 156 155 
155 157 160 160 160 161 162 163 166 168 169 163 154 159 163 
160 159 158 157 157 160 163 167 167 168 169 164 155 159 163 
154 157 161 160 159 158 160 163 166 166 159 160 164 168 168 
163 162 161 161 160 158 158 158 165 165 155 155 159 163 163 
158 159 160 158 158 159 163 169 172 170 162 164 170 169 166 
159 158 156 158 159 160 164 168 165 162 161 164 168 162 158 
157 157 157 159 160 162 167 171 164 160 164 167 170 161 156 
155 157 160 160 161 165 169 172 167 165 167 171 175 163 156 
157 159 162 162 163 169 168 163 164 166 168 170 172 164 161 
