128.443
129.07
129.504
129.946
130.595
131.251
131.715
132.385
132.863
133.348
134.038
134.736
135.439
136.15
136.866
137.391
138.119
138.854
139.594
140.144
140.896
141.457
142.023
142.792
143.567
144.347
145.132
145.923
146.717
147.518
148.322
149.133
149.753
150.378
151.009
151.45
152.09
152.736
153.194
153.657
154.317
154.79
155.269
155.753
156.243
156.547
156.856
157.36
157.87
158.384
158.904
159.43
159.771
160.118
160.47
160.828
161.192
161.56
161.934
162.314
162.698
163.088
163.483
163.883
164.288
164.699
165.114
165.534
165.96
166.39
166.825
167.265
167.888
168.515
169.146
169.782
170.422
170.888
171.533
172.183
172.837
173.495
174.157
174.82
175.487
176.331
177.178
178.2
179.051
179.906
180.591
181.45
182.31
183.174
184.209
185.247
186.286
187.157
188.2
189.075
190.12
190.999
192.048
192.93
193.982
194.868
195.922
196.977
198.034
199.092
200.152
201.212
202.273
203.336
204.399
205.465
206.531
207.597
208.666
209.735
210.806
211.877
212.787
213.861
214.774
215.849
216.926
218.003
219.081
220.321
221.401
222.482
223.723
224.805
225.888
226.973
228.057
229.142
230.387
231.474
232.719
233.965
235.211
236.3
237.548
238.671
239.794
240.918
242.198
243.479
244.727
245.976
247.068
248.161
249.099
250.038
250.668
251.301
251.78
252.109
252.442
252.78
252.97
253.163
253.363
253.417
253.345
253.278
252.932
252.593
252.26
251.93
251.468
251.009
250.556
249.969
249.384
248.802
248.222
247.506
246.791
246.079
245.369
244.661
243.955
243.251
242.549
241.849
241.007
240.167
239.329
238.492
237.657
236.968
236.282
235.451
234.621
233.794
232.821
231.849
231.025
230.055
229.087
228.118
227.003
225.888
224.773
223.51
222.247
220.984
219.722
218.46
217.198
216.086
214.975
213.714
212.453
211.343
210.234
209.126
208.017
206.909
205.802
204.544
203.286
202.029
200.901
199.621
198.341
197.191
196.04
194.76
193.48
192.331
191.051
189.771
188.622
187.472
186.323
185.175
184.157
183.009
181.992
180.845
179.829
178.683
177.668
176.522
175.509
174.498
173.486
172.475
171.465
170.456
169.449
168.441
167.435
166.565
165.561
164.558
163.692
162.691
161.691
160.691
159.693
158.697
157.7
156.565
155.571
154.437
153.304
152.171
151.18
150.049
148.918
147.645
146.373
144.959
143.544
142.13
140.716
139.302
137.888
136.473
135.2
133.927
132.654
131.381
130.249
129.12
128.133
127.436
127.031
126.914
127.086
127.545
128.016
128.627
129.113
129.604
130.1
130.732
131.243
131.888
132.414
132.943
133.356
133.9
134.449
135.125
135.804
136.491
137.182
137.875
138.572
139.159
139.866
140.576
141.29
141.896
142.619
143.345
144.074
144.699
145.437
146.074
146.714
147.357
148.11
148.764
149.524
150.288
151.053
151.821
152.691
153.563
154.436
155.216
155.998
156.782
157.568
158.355
159.24
160.035
160.832
161.631
162.432
163.234
164.129
165.025
165.923
166.735
167.549
168.365
169.182
170.001
170.907
171.732
172.559
173.387
174.216
174.967
175.802
176.638
177.476
178.315
179.158
180.003
180.849
181.696
182.544
183.47
184.323
185.178
186.033
186.89
187.677
188.538
189.401
190.264
191.129
192.066
193.003
193.941
194.88
195.752
196.625
197.499
198.374
199.249
200.193
201.137
202.082
203.028
203.91
204.793
205.615
206.437
207.2
208.028
208.798
209.631
210.465
211.361
212.257
213.214
214.229
215.244
216.259
217.274
218.289
219.247
220.205
221.163
222.122
223.081
224.097
224.978
225.858
226.796
227.791
228.406
228.773
229.198
229.566
229.875
230.507
231.581
232.595
233.669
234.743
235.816
236.89
237.964
238.978
239.992
241.007
241.961
242.916
243.93
244.945
245.959
246.974
247.988
248.944
249.959
250.915
251.93
252.887
253.845
254.744
255.703
256.66
257.619
258.578
259.537
260.497
261.4
262.361
263.321
264.282
265.244
266.205
267.167
268.129
269.091
270.054
271.017
271.98
272.943
273.907
274.871
275.835
276.8
277.765
278.73
279.695
280.66
281.626
282.643
283.661
284.679
285.697
286.714
287.681
288.647
289.614
290.581
291.548
292.515
293.483
294.451
295.419
296.387
297.405
298.423
299.442
300.46
301.478
302.447
303.416
304.385
305.354
306.324
307.293
308.263
309.233
310.203
311.174
312.097
313.02
313.944
314.868
315.793
316.765
317.737
318.664
319.591
320.519
321.446
322.374
323.348
324.323
325.297
326.272
327.246
328.177
329.108
330.04
330.972
331.904
332.88
333.814
334.748
335.682
336.617
337.552
338.488
339.424
340.361
341.258
342.115
343.014
343.874
344.734
345.598
346.464
347.097
347.733
348.137
348.544
348.759
349.173
349.394
349.617
349.647
349.68
349.518
349.359
349.203
349.05
348.9
348.752
348.607
348.267
347.731
347.198
346.47
345.545
344.821
344.124
343.23
342.338
341.471
340.43
339.366
338.326
337.309
336.27
335.23
334.214
333.197
332.181
331.187
330.171
329.155
328.139
327.122
326.106
325.112
324.119
323.125
322.132
321.139
320.122
319.106
318.09
317.073
316.057
315.064
314.07
313.077
312.06
311.044
310.028
309.012
307.995
307.002
306.008
305.015
304.021
303.028
302.035
301.042
300.048
299.032
298.016
296.999
295.983
294.966
293.973
292.98
291.986
290.993
290
289.007
288.014
287.021
286.028
285.035
284.042
283.05
282.057
281.064
280.071
279.055
278.038
277.021
276.004
274.987
273.971
272.954
271.937
270.921
269.904
268.911
267.918
266.901
265.885
264.868
263.851
262.811
261.795
260.778
259.739
258.699
257.683
256.644
255.605
254.589
253.551
252.513
251.497
250.46
249.423
248.407
247.391
246.376
245.381
244.366
243.351
242.335
241.32
240.304
239.309
238.315
237.321
236.326
235.332
234.337
233.343
232.349
231.333
230.318
229.302
228.287
227.271
226.276
225.282
224.288
223.272
222.257
221.241
220.226
219.21
218.216
217.221
216.227
215.211
214.196
213.18
212.165
211.149
210.155
209.16
208.166
207.171
206.177
205.183
204.189
203.195
202.2
201.206
200.212
199.219
198.225
197.231
196.237
195.244
194.25
193.256
192.24
191.224
190.186
189.127
188.048
186.972
185.878
184.788
183.902
183.22
182.543
182.07
181.802
181.539
181.082
180.829
180.583
180.341
180.106
180.075
180.25
180.632
181.219
182.01
183.006
184.004
185.002
186.002
187.001
188.001
189
190
191
192.001
193.001
194.002
195.002
196.003
197.003
198.003
199.003
200.003
201.002
202.002
203.002
204.002
205.002
206.002
207.002
208.002
209.002
210.002
211.002
212.002
213.002
214.002
215.002
216.002
217.002
218.002
219.002
220.002
221.002
222.002
223.002
224.002
225.002
226.002
227.002
228.002
229.002
230.002
231.002
232.002
233.002
234.002
235.002
236.002
237.002
238.002
239.002
240.002
241.002
242.002
243.002
244.002
245.002
246.002
247.002
248.003
249.004
250.006
251.007
252.008
253.01
254.012
255.014
256.016
257.02
258.023
259.025
260.031
261.038
262.041
263.044
264.051
265.055
266.064
267.073
268.082
269.092
270.102
271.107
272.118
273.13
274.135
275.148
276.16
277.167
278.173
279.179
280.186
281.193
282.2
283.206
284.213
285.22
286.227
287.235
288.242
289.249
290.248
291.256
292.263
293.271
294.279
295.286
296.294
297.302
298.31
299.319
300.326
301.325
302.324
303.323
304.332
305.34
306.348
307.357
308.365
309.364
310.363
311.362
312.36
313.359
314.358
315.367
316.375
317.384
318.392
319.401
320.4
321.409
322.418
323.427
324.435
325.444
326.454
327.463
328.472
329.481
330.502
331.511
332.521
333.53
334.552
335.562
336.571
337.593
338.615
339.626
340.636
341.646
342.644
343.655
344.665
345.676
346.686
347.697
348.695
349.706
350.716
351.727
352.751
353.775
354.8
355.839
356.892
357.948
358.82
359.495
359.973
360.453
360.737
361.024
361.313
361.605
361.7
361.798
362.098
362.4
362.705
362.814
362.926
362.842
362.76
362.682
362.606
362.533
362.463
362.396
362.331
362.468
362.409
362.354
362.103
361.627
360.955
360.255
359.328
358.371
357.446
356.49
355.535
354.579
353.624
352.637
351.618
350.599
349.58
348.561
347.541
346.555
345.568
344.581
343.594
342.608
341.621
340.635
339.648
338.662
337.676
336.69
335.704
334.718
333.732
332.746
331.761
330.775
329.789
328.804
327.819
326.833
325.848
324.829
323.809
322.79
321.77
320.751
319.766
318.781
317.796
316.811
315.791
314.772
313.752
312.733
311.713
310.728
309.744
308.759
307.774
306.79
305.806
304.786
303.766
302.747
301.727
300.708
299.723
298.739
297.755
296.771
295.787
294.803
293.82
292.836
291.853
290.87
289.886
288.903
287.92
286.937
285.955
284.972
283.952
282.933
281.913
280.893
279.873
278.891
277.908
276.926
275.944
274.962
273.98
272.998
272.017
271.035
270.054
269.073
268.092
267.15
266.209
265.268
264.328
263.388
262.408
261.429
260.45
259.471
258.492
257.513
256.535
255.556
254.578
253.6
252.581
251.561
250.541
249.521
248.502
247.524
246.546
245.569
244.592
243.615
242.638
241.661
240.685
239.708
238.732
237.756
236.781
235.805
234.83
233.855
232.835
231.816
230.797
229.777
228.758
227.783
226.809
225.834
224.86
223.886
222.867
221.848
220.828
219.809
218.79
217.817
216.844
215.871
214.898
213.879
212.86
211.841
210.822
209.803
208.783
207.764
206.745
205.726
204.66
203.641
202.622
201.603
200.584
199.565
198.546
197.527
196.508
195.489
194.518
193.546
192.527
191.508
190.489
189.471
188.452
187.481
186.56
185.689
185.065
184.494
183.979
183.664
183.357
183.055
183.143
183.62
184.232
185.172
186.245
187.26
188.216
189.172
190.187
191.202
192.217
193.232
194.248
195.205
196.164
197.122
198.081
199.041
200
200.961
201.921
202.882
203.898
204.915
205.931
206.948
207.964
208.926
209.888
210.851
211.868
212.885
213.901
214.918
215.936
216.899
217.863
218.827
219.844
220.861
221.931
223.002
224.072
225.089
226.106
227.071
228.035
229.053
230.07
231.087
232.158
233.227
234.245
235.262
236.332
237.35
238.367
239.384
240.454
241.472
242.489
243.559
244.629
245.699
246.77
247.839
248.857
249.734
250.612
251.49
252.367
253.298
254.369
255.386
256.457
257.528
258.599
259.669
260.74
261.811
262.882
263.899
264.97
266.096
267.167
268.238
269.309
270.326
271.342
272.359
273.376
274.392
275.409
276.371
277.334
278.351
279.368
280.384
281.401
282.418
283.382
284.345
285.309
286.273
287.29
288.307
289.324
290.342
291.359
292.376
293.394
294.411
295.428
296.446
297.411
298.376
299.393
300.411
301.428
302.446
303.516
304.533
305.551
306.62
307.69
308.708
309.778
310.847
311.865
312.882
313.952
314.97
316.04
317.109
318.179
319.249
320.319
321.337
322.354
323.424
324.441
325.459
326.476
327.546
328.564
329.581
330.598
331.616
332.633
333.651
334.668
335.686
336.756
337.773
338.791
339.86
340.93
342
343.123
344.299
345.476
346.515
347.555
348.404
349.063
349.723
350.386
350.859
351.334
351.812
352.101
352.583
353.067
353.363
353.662
353.963
353.886
353.812
353.741
353.674
353.42
353.17
352.734
352.303
351.686
351.007
350.331
349.591
348.854
348.05
347.248
346.448
345.649
344.781
343.915
343.048
342.113
341.107
340.101
339.095
338.089
337.083
336.149
335.215
334.282
333.349
332.343
331.339
330.334
329.329
328.325
327.393
326.462
325.531
324.6
323.67
322.74
321.811
320.882
319.954
319.026
318.098
317.171
316.244
315.318
314.392
313.467
312.542
311.617
310.616
309.616
308.616
307.616
306.539
305.539
304.539
303.539
302.54
301.618
300.696
299.775
298.855
297.856
296.858
295.86
294.862
293.864
292.946
291.948
290.951
289.954
288.957
287.961
287.044
286.048
285.051
284.055
283.06
282.064
281.15
280.236
279.241
278.246
277.252
276.258
275.264
274.353
273.359
272.365
271.372
270.379
269.387
268.478
267.569
266.661
265.754
264.848
263.857
262.866
261.876
260.886
259.897
258.993
258.09
257.187
256.286
255.385
254.485
253.585
252.686
251.7
250.714
249.728
248.743
247.759
246.863
245.968
245.074
244.181
243.289
242.397
241.507
240.617
239.728
238.84
237.953
236.973
235.994
235.016
234.038
233.061
232.083
231.106
230.13
229.154
228.179
227.203
226.228
225.253
224.183
223.114
222.14
221.167
220.194
219.318
218.443
217.472
216.501
215.53
214.561
213.493
212.524
211.555
210.488
209.421
208.453
207.486
206.593
205.7
204.807
204.015
203.122
202.156
201.291
200.426
199.361
198.397
197.434
196.37
195.306
194.344
193.383
192.319
191.359
190.399
189.44
188.482
187.629
186.777
185.82
184.865
183.91
182.957
182.004
181.051
180.099
179.148
178.199
177.25
176.41
175.572
174.736
173.901
173.181
172.741
172.303
171.983
171.783
171.592
171.245
171.023
170.813
170.613
170.301
170
169.708
169.427
169.31
169.326
169.352
169.54
170.037
170.688
171.513
172.51
173.528
174.416
175.303
176.192
177.083
177.976
178.999
179.893
180.789
181.687
182.713
183.612
184.513
185.415
186.319
187.223
188.128
189.035
189.943
190.976
191.885
192.796
193.83
194.866
195.779
196.815
197.852
198.768
199.805
200.844
201.762
202.801
203.841
204.88
205.921
207.081
208.241
209.521
210.801
212.081
213.241
214.402
215.562
216.723
217.883
219.163
220.443
221.603
222.645
223.806
224.848
225.891
226.933
228.095
229.138
230.182
231.108
232.153
233.08
234.125
235.17
236.216
237.146
238.077
239.008
239.939
240.987
242.035
243.083
244.017
245.066
246.001
246.936
247.873
248.923
249.86
250.798
251.737
252.789
253.728
254.668
255.721
256.774
257.827
258.88
259.933
260.987
262.041
263.095
264.149
265.203
266.258
267.313
268.367
269.422
270.478
271.533
272.589
273.644
274.809
276.084
277.14
278.197
279.145
280.092
280.931
281.987
283.153
284.319
285.376
286.542
287.707
288.873
290.147
291.361
292.576
293.791
294.84
295.722
296.606
297.324
297.876
298.432
298.989
299.549
300.111
300.675
301.077
301.319
301.401
301.486
301.295
301.109
300.928
300.752
300.3
299.969
299.524
298.963
298.405
297.85
297.176
296.504
295.834
295.044
294.255
293.467
292.68
291.895
291.111
290.204
289.297
288.391
287.487
286.583
285.806
284.903
284.001
283.1
282.201
281.302
280.531
279.762
278.865
277.97
277.076
276.182
275.29
274.528
273.768
273.009
272.12
271.233
270.346
269.461
268.577
267.693
266.811
265.929
265.049
264.036
263.157
262.28
261.403
260.393
259.518
258.509
257.501
256.494
255.622
254.616
253.61
252.742
251.737
250.734
249.868
249.003
248.002
247.139
246.278
245.279
244.28
243.422
242.425
241.43
240.575
239.719
238.726
237.874
236.883
235.892
235.044
234.054
233.066
232.221
231.378
230.393
229.551
228.711
227.729
226.748
225.912
225.078
224.099
223.267
222.437
221.609
220.635
219.809
218.837
217.867
216.75
215.781
214.814
213.996
213.031
212.216
211.403
210.441
209.481
208.673
207.867
206.911
206.107
205.153
204.201
203.251
202.301
201.353
200.559
199.769
198.825
198.037
197.252
196.312
195.375
194.596
193.819
192.886
192.113
191.342
190.414
189.489
188.725
187.963
187.043
186.285
185.529
184.777
184.028
183.443
182.698
181.956
181.216
180.481
179.748
179.182
178.621
178.063
177.509
176.791
176.076
175.364
174.657
173.952
173.42
173.063
172.71
172.362
172.02
171.681
171.177
170.851
170.53
170.039
169.552
169.07
168.418
167.947
167.478
167.015
166.555
166.101
165.474
165.029
164.589
164.154
163.724
163.299
162.879
162.464
161.871
161.282
160.699
160.12
159.545
159.159
158.593
158.031
157.288
156.55
155.816
155.272
154.734
154.2
153.67
153.146
152.438
151.735
151.035
150.34
149.459
148.773
148.093
147.608
146.936
146.461
145.799
145.143
144.298
143.652
143.011
142.375
141.744
141.313
140.693
140.079
139.666
139.063
138.467
137.875
137.29
136.712
136.138
135.572
135.208
134.654
134.106
133.763
133.228
132.7
132.377
132.062
131.554
131.253
130.958
130.472
129.993
129.52
129.055
128.598
128.348
127.905
127.67
127.443
